3072
4404
823
4405
2515
4322
2778
3363
4633
5389
5974
6685
5844
1903
55
5373
1495
2617
5202
6289
5945
6172
4072
3316
6210
243
2810
3528
4199
2125
4425
292
5548
3997
2063
1420
6503
980
6669
3281
1767
3988
4348
5133
3975
4018
2373
6537
5217
3245
1998
2580
361
5519
5059
4310
5775
4682
973
5222
857
4567
1749
2066
2337
860
2831
405
2439
422
5277
1711
256
672
2030
3696
6681
5893
545
4579
2942
4269
5403
4769
4548
5051
1280
5776
5925
3044
5539
2932
4793
1680
4983
4261
4759
4003
2025
1745
3048
1912
1193
5505
4613
683
487
1800
5386
4138
10
1758
7089
6344
4177
6370
5506
4232
26
2032
54
304
2024
6090
351
5676
6714
1774
2695
1219
4036
6992
377
3791
6688
2635
1223
1058
6128
2277
1759
5805
6549
1235
915
4780
3715
1708
4636
1671
3280
6012
3579
2645
6547
1005
5305
5892
2401
4532
4967
2186
5521
5465
2593
1816
5136
393
7155
480
2759
80
4948
4127
102
825
3325
6242
3840
3103
2045
2914
1378
5195
6691
1299
4893
3878
1714
4693
3099
6312
6757
743
1823
2180
4528
3492
6601
5155
5524
3483
5164
3845
4334
715
3452
1055
4116
2896
1236
4031
3111
3557
6846
3077
3139
6567
1812
4403
7190
1762
3712
1265
2207
984
2269
602
4761
4762
2895
6044
3024
6493
4148
6862
1956
457
756
7128
2951
2053
6986
5562
3612
3989
553
338
155
4697
2395
7123
4964
1527
5148
125
989
744
7133
1668
2062
1769
716
5744
1234
3310
6037
6333
1695
4581
1018
2088
4220
5273
6308
1962
2378
1059
7011
1422
2205
3343
4047
1034
4799
784
4783
1625
4675
1568
4880
657
1661
633
1412
945
2441
7188
6029
4
6676
3481
2682
4176
4063
680
685
4514
4588
62
1522
5663
5518
5501
6212
1596
3473
396
2319
6805
1528
981
1392
88
4171
3596
1672
425
5364
3141
5677
524
3755
3020
117
2105
4465
1445
6507
3482
3643
465
2574
1112
698
898
5163
4372
4200
1024
6
1660
123
1588
2764
3287
1771
3589
2963
1185
6625
5559
874
3070
3394
6522
900
3362
2673
240
3973
1319
3490
2239
1632
5555
3760
1697
5667
484
1576
3941
1021
695
729
6531
2666
4355
1244
4722
596
4671
3735
5689
5658
1704
2430
132
4234
6444
3508
1116
1813
1801
1602
6671
733
3299
1710
5211
7191
1526
2392
1441
6894
3992
3909
3979
2819
6660
2502
2803
1738
3506
3761
83
1533
3939
6777
5441
1580
6832
5996
5236
5323
5338
6071
2191
2496
2614
6847
2254
1778
5283
5837
1885
5423
2017
4132
1540
1124
2162
6465
2897
260
3491
5260
3327
3929
4873
4268
4708
2631
341
2287
4661
4301
4968
6429
662
252
5342
7171
2022
2169
6360
6248
4779
3286
2284
5732
2981
1640
1751
3329
4606
2426
3084
3353
5388
2237
6909
3075
1207
6046
2661
916
6431
726
5878
5912
3133
1326
5110
1728
6378
1073
1048
692
284
6928
4624
2120
6573
4909
87
428
1606
6701
199
2021
4764
5081
6528
1909
5705
454
6659
426
2134
4411
6912
109
5514
5854
2990
6880
6745
4015
4585
3214
2878
7037
2521
2179
1645
1679
690
4896
1062
1846
5491
2385
2940
6168
6192
532
4932
5887
6330
7031
2975
4867
179
1900
7193
1178
2174
4364
6019
2781
18
6903
6836
6603
6739
3593
611
3731
380
647
1356
2704
5750
786
3392
2641
2768
4216
4834
6523
992
5175
6375
283
522
6960
1316
722
5028
1267
5516
4960
3263
2224
3694
1064
2780
4694
116
5568
4788
7101
1065
7012
4958
1284
2651
4139
544
2335
5118
6466
4804
3347
372
1764
1821
1981
6120
5698
3690
3158
6145
1899
239
4670
5984
108
1873
4954
4248
607
4303
4141
1575
1700
924
6748
5858
1336
6214
5337
4495
3222
2479
6519
600
6589
429
5995
4660
1436
1691
2019
3104
1276
3120
2228
6257
5954
5137
632
340
490
5545
6737
2270
697
3787
876
4691
382
4354
2899
7014
481
4019
520
1688
4879
5391
3914
702
6641
265
5414
1609
5991
5573
1649
868
5899
4118
3207
3005
215
5229
6655
3453
4189
5532
6169
6414
1133
866
4701
6497
2431
6305
6934
4070
4657
1187
6218
1270
6579
6026
6994
6925
2452
115
2225
6791
2599
7058
4202
1786
3180
6664
6199
1423
3932
5926
2773
3086
6489
3595
343
2568
6872
3517
3182
3682
1740
7069
4503
891
4067
6377
3261
3636
1772
668
2233
130
6133
2887
1305
2145
1010
1730
189
4040
4317
1109
7021
2961
4032
5379
131
6937
774
3817
1202
3599
6879
5438
684
4408
6592
4468
7130
2433
2578
1765
6577
168
4781
2178
242
3033
3527
397
5888
6975
4453
6150
4344
6800
3710
4705
6727
387
3239
3480
1915
431
5119
49
4766
3445
4918
197
3412
1387
6761
4995
4963
617
2606
488
231
6584
5336
6553
1215
6654
5467
4053
3432
1114
7093
2244
2040
3235
7124
4273
1416
6706
2994
5231
3437
781
5400
4109
482
2777
140
2023
3042
2627
4142
4266
7052
583
3617
6606
5683
2164
1662
1111
2489
2260
4574
2739
6647
2414
2977
1211
5999
4056
5152
6843
7105
2597
3594
1004
6207
6637
2969
5879
534
3130
2159
1858
452
2006
1117
4653
4875
3590
991
4034
6520
1366
2523
5723
33
5550
775
6008
5406
3434
3804
867
6402
4868
3661
2879
5184
5182
2783
254
4382
1705
6815
4575
739
227
5876
3421
1694
4512
5218
7008
321
2889
2630
2642
417
7064
5434
1833
970
6769
5632
526
4642
6011
4626
767
682
6410
6326
4195
2464
6161
1274
3993
1665
4045
2027
848
798
2752
870
6069
5220
5588
5792
1107
2073
1104
1407
4857
2220
419
3519
2428
385
4944
4957
5728
610
3339
804
5800
2667
1217
166
6741
5341
5749
5635
3495
4547
4227
5669
3813
4398
2675
803
86
2883
3217
912
1638
5291
5325
4871
623
7131
7039
5738
4744
165
3001
2848
5628
4826
302
4426
3854
7022
5941
4224
4553
4595
2976
1729
842
5860
2160
5105
3619
308
3201
6031
1814
2816
3454
440
1734
3199
6450
306
5793
3066
4434
75
5387
3396
52
3494
229
2965
4475
1167
478
4365
5613
542
1348
1731
5752
6473
14
3262
2310
5608
6822
4243
2446
5080
5889
418
3884
6792
4570
5554
1123
6487
6404
535
6886
1281
6124
1489
7168
2387
5376
2628
2444
6950
4738
1698
4412
4947
6736
llama_3_3_70b_it_same_count: 990, llama_3_3_70b_it_diff_count: 110llama_3_3_70b_it_same_count / (llama_3_3_70b_it_same_count + llama_3_3_70b_it_diff_count): 0.9From-to: {'left': {'center': 0, 'right': 0}, 'center': {'left': 15, 'right': 1}, 'right': {'left': 90, 'center': 4}}