5354
3337
5869
5709
3198
581
583
5745
6857
6250
3775
3661
3999
4756
5360
6134
6157
1220
2282
452
5867
2684
6364
2254
4849
1768
3759
5144
7070
1537
1588
272
4116
6318
3243
4963
5022
3116
4255
721
219
5211
5044
5929
4227
2560
713
1276
667
3967
934
5231
2407
889
6125
2546
6817
680
6899
6189
3315
6690
1653
206
6410
534
1797
5901
2367
4463
822
2716
4285
2774
6131
1747
1414
4747
4661
2548
3890
6136
461
6609
4976
6976
4301
1233
5453
5664
4338
4552
5947
6792
4995
5421
440
6234
4007
6044
2492
791
1611
896
1646
5526
1385
6032
5393
2599
1566
5721
5939
5915
5387
4269
4033
2717
5407
4659
1676
6688
4695
904
619
2812
1767
2852
5279
1632
3094
1977
201
4921
2699
3718
2277
2719
296
3048
6165
4112
1315
2499
5776
1677
4765
3
1266
6642
6736
3100
223
5700
5967
4047
5199
4622
6081
2443
4574
4517
2603
5604
5203
6224
4863
4753
4579
2181
7196
1002
5154
6328
3261
5854
2465
5535
1293
6554
2497
238
5541
6777
2920
4302
2278
249
1828
1952
6016
2287
3166
2397
4774
240
7064
1583
6388
4209
755
6480
3992
94
6129
4183
6960
683
3006
4217
6321
1009
7138
1810
5914
652
2333
3740
2056
5170
4416
6205
1955
1829
4099
4236
1749
4136
3803
6909
5420
3910
4006
1698
3287
269
4060
3681
6949
3548
470
6287
6781
5562
7036
3941
4468
3827
4832
6653
4663
7130
5510
6536
2371
1811
5379
6309
4880
2867
37
3251
4426
618
5249
7022
5819
6433
6816
4309
1882
1225
47
7132
1320
4680
1974
644
6279
111
5953
6240
2218
786
1301
944
4207
1587
2804
4287
1700
639
5264
5821
5643
4232
5800
2809
2547
2086
1336
6038
3256
4708
1873
5214
3564
4951
475
231
6277
3357
5481
1705
5206
2274
4647
4809
2178
3069
6019
1026
49
1699
285
5646
1350
3766
6281
3172
864
4888
5351
748
7162
76
6860
5383
6872
4035
2643
252
4867
2066
3404
7189
3693
2977
5294
1496
4853
3247
4830
4522
2927
2732
3644
5517
6700
4947
6666
6624
5586
6749
2509
4413
5049
5888
6548
6324
7100
421
370
7182
1296
3022
6512
1214
4192
6672
6463
6686
5146
5314
5648
551
746
5403
1159
5229
781
2316
4213
2005
5234
2324
6294
2452
2096
783
6295
6452
287
273
6458
2422
6210
1306
6867
5999
5844
955
3471
6541
2061
4615
2481
244
0
4110
2882
3237
7072
2765
4470
1349
4714
3258
2016
2083
1499
5029
3610
105
1861
3962
4643
7121
2733
3036
1528
1546
6445
6863
3365
1859
736
4245
1424
1391
1042
2434
3632
6862
4506
5159
5185
2000
1933
2501
1423
3239
3421
817
1375
1383
5415
3473
6544
3370
6538
5976
2311
4068
2116
2473
2269
7148
6680
805
1078
2108
5768
6856
2954
5815
307
4252
2250
5168
5761
877
2800
5994
245
5259
3099
4530
911
5658
5728
6123
3344
3983
5263
6395
2596
1874
4500
5640
4824
1073
3859
5474
1309
3959
5241
207
1473
116
5176
1205
931
2421
6562
3654
543
136
565
1934
1962
6591
5988
4079
6169
6474
3135
1819
5059
1521
1870
5965
3085
789
7167
6637
2856
4896
5223
3741
4
4111
4805
7019
2272
2799
5603
1633
6722
3148
535
795
5217
608
2975
5805
6913
7185
5995
5817
3428
379
41
5280
7024
6402
3293
3757
2057
7037
6887
466
2895
431
6448
952
202
7084
3816
5310
766
2148
4094
3891
68
3426
4102
1193
1224
363
4325
3939
993
1577
2731
2498
4239
1675
5705
3616
592
284
137
4204
1951
6236
5692
6733
489
5497
6820
7048
1372
5183
3392
997
4260
1703
2475
253
2004
3905
6362
2259
2721
584
3459
1695
5247
3486
1168
3460
6565
5996
4188
5242
4043
2503
4800
2307
3990
4561
6424
6714
2248
1672
1247
784
1454
2236
2396
3736
834
5749
6525
2876
4344
6796
4842
6581
93
1948
3508
530
6755
3630
5088
3836
339
4894
4218
6533
3196
5192
336
4710
1726
1230
5699
3433
6520
2472
6271
4982
2807
6313
4141
4737
6002
5816
5100
4064
7115
5919
5163
4438
6152
5515
3884
669
7055
3580
3651
2404
6370
4450
6003
564
2659
4424
5004
6354
609
3565
1449
4682
5416
3118
846
5518
4195
1850
222
1515
6555
6352
1671
1950
2291
3240
2319
164
3060
831
3087
1761
6303
6830
4202
1063
7032
117
2914
5019
4683
1846
6900
6852
2830
753
4511
4688
6623
2361
536
3209
413
460
324
4999
887
3690
4618
5491
2341
2247
1796
6514
5010
4580
6528
1930
4802
1363
3213
1724
6683
992
2504
482
3796
1297
5855
6121
1967
5166
3753
959
213
5632
1523
490
4549
5092
5068
6563
488
5670
2638
660
935
451
2942
5549
3584
5900
3571
4769
4433
6543
3917
3883
2144
751
1526
1535
2463
6284
5265
340
6198
1539
2697
3451
3388
6312
5222
503
1075
4694
1601
5184
7146
899
3963
3647
1070
5034
6540
6438
5257
2667
167
6803
6995
3854
2207
1550
2602
6482
6394
3514
6029
385
5110
34
5662
2366
134
3925
114
7006
6377
6743
6819
5839
568
4443
6387
1609
6412
100
5872
6906
3619
570
3932
2939
3169
5124
4013
4548
2070
1708
1536
4844
7152
5997
1105
2203
579
3538
3177
3687
1729
6758
1044
5759
5225
5727
3878
6185
621
4668
5366
3583
596
6020
1709
143
799
1176
1446
4645
3978
2413
4430
1581
4380
3437
720
7117
6561
6153
2727
1397
6891
1765
4327
3677
735
1331
6511
5426
557
6730
6315
1990
985
2573
2448
3490
2894
4576
6068
5523
250
1250
6975
6363
3484
5216
6873
6159
4816
936
2416
7007
5419
3043
2409
6844
187
6033
4388
1993
3871
4379
4977
4144
3046
342
1110
3133
6160
538
5468
6171
2771
3197
4440
1133
2967
3902
900
969
5328
6264
5913
1165
5975
749
3663
5331
953
610
3526
5502
4011
2702
6507
1018
3001
2491
6678
3625
1109
3888
5151
2363
2054
2653
2792
4034
4515
5498
3267
3167
3923
425
2271
75
4755
144
1615
5601
722
3268
2036
3679
5600
1351
2364
2588
4551
2986
6652
5072
3609
1920
7116
7135
3127
7067
5516
3288
2252
3059
155
527
2898
2637
3998
845
2924
5117
1131
6527
4964
4196
560
1805
5508
3732
4655
3158
4866
7053
6648
6465
2680
7106
2414
6092
833
4306
1036
5704
4693
2050
3810
5963
6348
5984
1624
1717
854
1231
6800
3783
mistral_same_count: 993, mistral_diff_count: 107mistral_same_count / (mistral_same_count + mistral_diff_count): 0.9027272727272727From-to: {'left': {'center': 0, 'right': 0}, 'center': {'left': 23, 'right': 4}, 'right': {'left': 42, 'center': 38}}