5263
4084
5601
6557
6439
2182
1257
4615
6105
1105
1580
7050
3181
5853
6541
452
3707
6753
6781
2557
4038
3405
7093
5247
5829
1074
4307
4136
502
1252
4559
1199
5930
3189
5952
5215
3796
4470
6195
3909
5119
5280
6333
4316
5299
5284
5666
6050
2063
6441
6791
3133
3902
2366
6560
6282
3478
5533
5216
386
3014
2743
4797
1643
534
6185
3697
5887
5359
3100
5871
5261
6539
6773
5213
4106
3864
5774
5517
4049
5205
3
4655
1501
5901
2336
5423
40
3795
1295
4787
1584
1811
2371
3318
3746
4863
5907
922
628
1906
6655
3439
3075
5226
2980
1120
5631
5433
6003
5976
1158
5724
6210
4456
5696
5794
2352
2303
2188
5760
2674
4124
6582
1653
4627
3736
2110
4568
6819
5292
233
3883
7019
5286
6668
2453
3387
5082
3435
6174
2894
5960
3278
532
5445
2620
1065
1713
1635
4557
3263
5437
3267
4679
448
428
816
4276
7039
3757
3946
7177
817
160
1117
5803
3737
302
3749
6671
49
1905
1679
2124
6190
3227
1134
6180
3617
2710
5471
2291
5347
2138
3552
6045
4205
4746
2029
6885
5134
6718
1917
2332
4808
4325
3139
2062
6892
2563
4486
6899
1976
1642
5857
3382
5144
3991
424
5391
1870
5757
303
1699
772
3067
6723
1866
2576
1124
2451
900
6065
2800
5067
3411
6837
4244
3674
2463
4207
2430
896
601
1481
5010
5539
1365
1929
6961
2755
5248
2923
655
2449
4464
484
6417
2991
5648
6685
53
677
2943
6320
1212
1871
5766
6621
3055
190
4481
2079
5793
3108
1652
349
4724
447
4708
2335
1119
1109
3007
4449
5578
3598
6765
5660
6246
3997
2139
6085
710
5158
6809
2092
2653
4762
3151
6667
5107
4339
4801
1
3972
3455
2644
5077
4729
3295
115
6729
3356
6876
3461
2417
2516
1099
1309
2641
142
6642
2445
5858
5379
5981
3134
7044
3781
6805
2612
6576
4605
5855
2814
6156
7155
1792
3022
6073
5540
2533
7084
4901
600
6555
1703
1203
485
4534
122
1676
4368
3882
6193
2217
7120
3931
1303
3187
5576
2223
4074
4654
3542
4048
5935
1248
5628
1238
5638
5394
2153
3651
1298
1540
2147
5166
3035
5388
3751
2874
6924
676
172
6359
6890
411
4946
1972
3316
3906
6093
2032
429
3912
7025
3579
1970
3932
6815
4541
6859
5069
2154
5870
1869
879
1633
1235
6784
3761
3285
2812
1166
1810
3060
280
937
3493
2527
2737
6508
3800
2388
1518
3553
6074
925
2780
828
4035
1196
916
2198
5021
4573
6941
6937
603
6004
5807
6953
586
6364
3814
6855
2809
3718
3596
1820
5191
6489
2036
4678
2268
4003
3809
569
3804
1169
3363
5367
4811
2504
3445
6257
3574
991
1420
1304
504
4301
5575
988
3407
1052
4343
1753
5869
661
5741
2116
5987
4784
2842
2397
1654
5184
1757
3660
5579
1740
64
1402
5124
5171
6134
6196
546
3764
2786
5186
5536
2382
2708
5796
3381
2873
3793
1922
2081
5888
1400
6046
1504
556
2959
1404
6571
2447
3248
5509
3921
3612
3748
7004
2835
5167
2610
4004
3391
4475
2803
5338
6564
985
6666
6743
2317
4344
1951
259
1716
3556
2127
5550
1894
7108
1168
2608
2744
5501
289
2261
2839
3732
3197
3024
1587
1734
2505
4947
6393
1583
5689
1942
2907
3483
2269
3632
1239
5133
1226
116
506
5686
1814
3252
3631
1506
1441
5913
43
2351
4851
413
5647
6635
5998
4780
5374
3182
1172
788
5512
4638
5841
6143
2852
4471
3260
4103
5390
7022
992
1379
4740
5530
2990
5410
3565
1069
2686
580
4150
5210
5513
5704
5586
445
644
4468
427
2684
4033
292
363
1892
4399
2057
3262
6111
166
6394
5885
4298
17
5297
5676
2869
1325
6742
6411
1414
248
3520
6790
5046
261
6212
5943
5782
6177
5657
1454
1286
4302
588
3683
3083
4919
324
4037
6414
1758
3194
6778
730
5193
3599
4676
4267
6857
2885
5182
4914
3311
3956
198
3815
2238
6335
4273
4881
6573
1647
4008
6971
2857
274
6474
6851
920
6565
2012
4741
4604
3443
4529
6239
1458
1581
5257
1624
1631
3705
199
5176
490
6957
1875
5045
4451
1780
7101
6853
1549
5129
5497
1926
2771
2754
430
6861
4223
6687
4772
5415
334
4265
3722
5029
1672
375
2421
5164
2059
1418
6013
3103
1184
4819
3773
6056
6468
6388
1620
2358
1264
4998
4388
6420
2659
2497
749
3924
4116
3459
4597
5065
329
54
6145
6148
6321
1324
3480
862
6527
1698
63
883
207
5876
6377
4912
3863
2259
3163
3346
228
3118
4133
4345
839
1017
4318
2186
6369
2965
5531
966
6657
4648
2364
1051
6776
4666
4567
1878
802
3913
4238
4858
1515
6670
7139
3348
5645
5267
1288
5584
6399
7195
536
1118
2132
380
3195
4671
230
1005
6260
4703
6547
1082
2462
4426
6986
1329
4232
5963
5324
7158
4292
1591
279
3581
4079
42
1764
1572
2141
693
5421
4701
4286
3031
4131
5361
2740
6481
6368
4096
45
887
1839
1281
5728
7122
2987
999
4523
5918
2555
2982
6097
1677
4494
2068
2396
1882
2337
5717
4260
5941
2879
2970
1113
2237
5227
5620
5610
6244
2940
3750
1599
3816
6910
5771
4558
6712
2467
2263
2108
6044
3954
2177
1297
754
4974
6341
4355
322
5116
5899
1466
5653
2646
2916
4147
6182
5824
2587
7091
4358
4340
205
5663
3687
3858
6153
5928
5779
2598
5882
3373
5923
191
1149
2687
4649
6580
2861
6422
1078
6955
6488
544
4380
658
3353
5325
2003
4596
2726
6
5440
3357
1920
5494
6036
5791
5147
590
208
3399
5032
6449
167
5683
3526
4705
4738
5567
299
840
3070
2053
2715
2080
1903
6476
4636
7110
4403
6672
3361
4875
2921
3110
3923
7007
2725
143
3681
3498
38
5734
6169
1640
79
5278
2532
1427
3507
2097
1746
4157
5351
6157
6450
6000
6444
4885
481
3988
4259
1396
3152
2060
4081
5041
4430
5139
2673
2137
3802
1901
5056
4839
6780
2251
725
5285
1856
4511
6475
5908
1204
5169
5902
2806
113
3198
4485
687
2285
4965
1714
371
4225
5582
2825
325
1232
2307
1342
4275
3851
684
6821
570
3967
1115
2334
6908
1794
407
5316
3012
150
7183
5997
6639
4589
1998
6453
5767
2822
825
6702
2611
1004
2898
3499
6724
5268
548
3300
2207
395
6726
2905
1085
4699
1442
222
451
2349
2016
129
3700
3117
2950
2836
2962
4580
3513
6863
6224
1104
3817
4197
6738
5150
5661
gemma_2_27b_it_same_count: 940, gemma_2_27b_it_diff_count: 160gemma_2_27b_it_same_count / (gemma_2_27b_it_same_count + gemma_2_27b_it_diff_count): 0.8545454545454545From-to: {'left': {'center': 2, 'right': 5}, 'center': {'left': 39, 'right': 9}, 'right': {'left': 74, 'center': 31}}