6830
2514
5064
1379
385
7013
309
6290
1054
6415
1582
181
854
1211
3572
5503
6818
4355
4545
1212
2920
3668
4214
4531
4332
6646
4522
5531
935
907
4564
6867
1763
4154
5031
4070
6766
4305
4571
382
6643
474
1272
1906
1529
2324
2320
6592
2961
5937
6463
3721
5855
1953
6392
6026
5665
2525
674
5935
5276
2281
427
2926
7187
5674
5788
2077
6908
3873
515
931
6038
1353
3373
4019
6565
3948
1626
2441
6237
223
3594
6733
2337
4499
522
1701
1411
4683
6825
2921
5235
2913
4859
2219
3072
5043
5252
2510
1904
2465
2719
2300
5925
4614
542
2187
6901
5072
2520
4410
6961
4245
655
2993
3166
71
645
4037
6986
2970
5834
5334
5516
488
4987
4607
6644
3245
1542
4446
5021
5359
2852
5943
4562
6319
1371
5616
6269
4325
3303
4548
1305
1830
2892
3286
419
7194
5289
2273
478
2653
5596
5026
1004
4490
1985
5886
1222
1807
5673
1942
6152
5974
5629
3714
6024
979
1771
559
4964
5783
389
2457
593
6167
3546
6384
5243
171
5762
5619
5401
4518
7179
2026
2191
1041
4757
6490
4712
1957
3257
7081
6212
3307
4674
4970
4039
5005
2052
6721
7089
2889
5323
2697
2770
5298
1794
1519
394
2496
2918
4718
878
3428
4036
4102
4660
1168
5463
3522
6532
3733
5335
357
6127
3758
813
606
3039
1786
2437
5343
1696
359
5254
1244
386
6232
5353
5051
296
2820
3551
539
469
5647
3187
6795
6173
1466
3646
737
1177
5357
6512
6792
7041
1299
4165
4298
1788
5891
311
6022
165
4521
3247
2370
982
1413
2348
6515
6458
1258
521
2112
276
2336
4301
4252
3351
326
5279
7130
6432
5933
5904
3367
6264
5857
3603
2568
1989
1537
3797
1373
4921
5731
6654
1317
2718
6668
6252
3913
4323
4794
4922
3381
7177
1125
4159
2000
3219
367
4997
1752
1675
2282
971
1873
4048
6760
2152
3439
4477
1990
529
624
6556
3469
1774
1713
387
908
2157
4703
2376
3415
1495
5034
2633
1994
5040
6824
7059
3430
4904
2563
1672
5184
6851
6383
6479
3664
206
6064
5473
4973
6500
4980
3282
632
4021
3942
5989
641
4369
3799
1070
6748
6605
940
1057
4587
3731
1185
2827
5618
4064
1248
7040
1283
5134
1086
4339
3301
2674
6245
4901
1274
2914
5121
4966
1762
5270
6554
4606
1442
3186
6283
5480
5643
2769
3912
5541
1441
3359
5728
6073
4884
5928
2748
3556
1076
1140
2031
578
3405
3589
2477
2637
5325
2655
3542
3641
7115
1452
6858
7153
3489
1103
4738
7156
6595
3238
3487
6783
677
1593
4679
2107
5296
6678
2483
1045
4283
4300
710
5039
1979
4138
2346
4563
6260
5055
6423
3624
6094
5509
4797
484
7093
249
1207
5069
4324
6504
1108
5008
2672
3969
439
1721
1204
3396
6313
6184
230
466
7191
5552
1896
5819
5704
2927
5498
6302
1814
5693
2641
6253
4003
4404
1033
6124
3366
4153
202
3256
4389
2659
4818
1220
1206
7102
900
4485
3426
2764
6745
4845
5996
1911
3716
3455
924
915
2890
2150
4425
5887
6790
6683
5068
2677
2134
1338
6285
6298
4765
4199
1402
3640
4852
3950
6975
3968
4401
4423
6210
4141
5133
1345
4134
3370
6878
1567
3607
548
6929
6198
6147
6005
3537
531
404
4583
5776
6156
1267
3919
6185
2901
5763
4534
3131
3363
1674
5999
1063
6640
6040
6140
3935
5215
1753
3713
351
2640
4156
3971
4578
1178
6242
5094
765
4989
3911
2101
6699
415
6743
6724
5029
3189
3896
6258
3347
2880
973
6294
614
6882
3078
2838
6262
4985
1309
4918
595
1265
556
1431
3199
2450
216
6160
1348
5336
5502
5306
6018
2919
827
4747
5316
4291
111
4771
1809
1799
5179
782
3233
5007
2004
5458
7159
4680
2694
2602
1661
259
492
5096
315
5555
4211
6749
601
5073
3887
4190
1908
2893
1200
242
3652
6341
5882
3853
802
1622
5049
2886
2747
6025
3364
2339
1201
708
1709
6417
672
5222
2984
6072
1710
4399
6157
2816
6485
6143
2560
2018
5738
6896
3101
191
5413
6603
211
212
2664
5507
6854
6499
3697
2340
6377
4598
1971
4877
6954
1389
4417
6371
904
4434
6438
6832
4517
4170
4640
221
3204
7155
6461
680
3314
1838
2587
6738
3109
2469
6868
6372
1279
2154
5990
3940
987
5399
1236
5185
2292
5299
6846
3586
3695
5795
6325
4673
2380
6394
2169
2451
5976
2877
1044
3265
1766
452
393
4643
1080
2186
5737
6992
6581
5926
2833
2575
2972
5348
3368
3379
1717
5888
7199
6769
2741
1864
2661
2024
2063
4110
2680
4954
1811
6186
5171
7062
3222
176
5331
6322
5823
4000
2468
1426
6452
2840
558
6145
879
550
442
2836
4123
6798
5524
2549
544
2255
3821
5806
1962
2733
5035
944
4897
6856
1539
914
383
2093
7148
5870
5071
1635
5389
1964
3061
545
2056
895
6308
2304
4998
1683
4911
4542
479
4969
3501
1858
5986
2129
5821
3995
4795
6196
4205
6305
5111
6984
2222
4152
6134
2184
2474
741
5297
4728
3981
1010
369
6926
3000
6587
2151
4068
281
1592
1350
2755
4957
7120
513
6902
220
7128
3038
493
3907
826
6826
1464
4213
5664
5781
1705
3077
3267
3049
709
5831
4206
2341
6571
7010
5574
4686
3639
6028
6600
6429
2092
3676
298
3100
5425
6153
5058
3717
1738
2436
2835
5219
5621
95
3202
723
5802
1767
6744
4320
1897
5341
41
990
2973
3230
127
2057
1719
5597
5923
6514
6333
1996
4526
172
1245
913
2571
5679
6559
4661
5676
490
4585
1761
3914
6971
4445
2100
4541
6947
1524
6059
6804
6968
790
5646
1924
6222
4687
6414
5293
1048
1000
518
260
6693
7080
1723
6718
4285
2426
2916
6129
835
5909
3748
6526
3382
341
5251
4896
322
2015
4881
4867
5158
3345
2922
2586
3555
3932
4085
5717
6361
2981
430
775
6696
6365
5938
936
251
3990
5119
2475
963
4486
5086
3880
4071
2850
3521
4678
639
5736
2573
1757
6288
5689
6131
4435
3894
4161
1895
3325
2627
3986
2126
1922
4412
6710
5537
816
1322
4537
4885
5675
6801
510
1238
222
453
5257
2715
3499
1969
2165
2834
5333
4603
1447
3019
4294
616
3689
6935
1958
2478
3281
553
4547
6218
4682
4330
2075
3909
6510
5667
2013
6879
1202
2027
4421
3130
6481
928
5876
3284
5192
4887
6180
175
1153
7076
4568
1300
560
3619
307
4060
6376
6378
1028
618
2743
2911
phi_same_count: 973, phi_diff_count: 127phi_same_count / (phi_same_count + phi_diff_count): 0.8845454545454545From-to: {'left': {'center': 71, 'right': 15}, 'center': {'left': 0, 'right': 0}, 'right': {'left': 18, 'center': 23}}